Resultado de la Carrera 08-mayo-26 2123
Estado: Finalizada
Opciones Especiales: Normal
Tiempo por carril: 10:00
Manga Actual: 3/3     
Pilotos en Manga Actual: 7 
Orden Cambio de Pistas: 135642  
Manga Actual: 1-OSCAR CAPEL(317,098) 2-JM SEREROLS(313,003) 7-ORIOL SERRA(313,000) 4-JORDI ROBLES(307,087) 3-DAVID CELAYA(306,100) 6-EDUARD CERDÀ(304,110) 5-LUCAS NEVADO(299,067) 

Manga3: OSCAR CAPEL,JM SEREROLS,DAVID CELAYA,JORDI ROBLES,LUCAS NEVADO,EDUARD CERDÀ,ORIOL SERRA,
Manga2: LORENZO RODRÍGUEZ,CARLOS REPISO,MANOLO MÁRQUEZ,GABRIEL RODRÍGUEZ,ISRAEL NEVADO,VÍCTOR GONZÁLEZ,ALBERT TRAFACH,
Manga1: EDUARD TURÓ,QUINTI CALVO,ADAM PARERA,PEDRO MIER,ALBERTO BOLSA,JORDI PÉREZ,

     Nombre                     Vueltas      Pista 1        Pista 3        Pista 5        Pista 6        Pista 4        Pista 2          M. Total    1ªPista   Pole    Tiempo
  1  OSCAR CAPEL                317,098        52             53             53             53             53             53              11.3614       1       1º          O
           rápida                             11,428         11,273         11,048         11,261         11,226         11,167       
           media                              11,622         11,457         11,132         11,352         11,330         11,290       
           lenta                              14,080         15,037         11,449         11,583         11,515         11,516       
           salidas                                 1              1              0              0              0              0       
  2  JM SEREROLS                313,003        51             52             53             52             52             53              11.5375       2       2º          O
           rápida                             11,465         11,264         11,110         11,274         11,477         11,220       
           media                              11,968         11,527         11,255         11,491         11,664         11,362       
           lenta                              15,428         14,013         13,691         13,526         12,263         11,623       
           salidas                                 4              1              1              2              0              0       
  3  ORIOL SERRA                313,000        51             53             53             51             53             52              11.5385       1       7º          O
           rápida                             11,641         11,371         11,192         11,391         11,377         11,422       
           media                              11,786         11,507         11,331         11,574         11,489         11,556       
           lenta                              12,171         11,722         11,473         11,882         11,784         11,782       
           salidas                                 0              0              0              0              0              0       
  4  JORDI ROBLES               307,087        50             52             51             51             52             51              11.7363       4       4º          O
           rápida                             11,715         11,601         11,490         11,545         11,498         11,549       
           media                              11,999         11,695         11,616         11,801         11,653         11,677       
           lenta                              14,617         12,123         11,967         14,366         12,305         11,973       
           salidas                                 3              0              0              1              0              0       
  5  DAVID CELAYA               306,100        50             52             51             51             51             51              11.7705       3       3º          O
           rápida                             11,775         11,530         11,482         11,706         11,480         11,607       
           media                              11,900         11,765         11,663         11,829         11,719         11,733       
           lenta                              12,230         14,699         13,243         12,135         14,422         12,140       
           salidas                                 0              2              1              0              1              0       
  6  EDUARD CERDÀ               304,110        50             50             51             51             51             51              11.8449       6       6º          O
           rápida                             11,891         11,732         11,689         11,695         11,734         11,774       
           media                              12,024         11,824         11,764         11,822         11,794         11,863       
           lenta                              13,920         11,933         12,086         12,160         11,897         12,014       
           salidas                                 1              0              0              0              0              0       
  7  LORENZO RODRÍGUEZ          304,079        51             51             51             50             51             50              11.8551       1       8º          O
           rápida                             11,767         11,703         11,652         11,630         11,696         11,717       
           media                              11,922         11,798         11,738         11,842         11,905         11,913       
           lenta                              12,301         12,023         11,914         14,826         15,202         12,268       
           salidas                                 0              0              0              1              1              0       
  8  ADAM PARERA                304,052        50             51             51             51             50             51              11.8640       3      16º          O
           rápida                             11,827         11,637         11,643         11,606         11,694         11,684       
           media                              11,972         11,854         11,812         11,843         11,872         11,864       
           lenta                              13,881         14,740         12,424         13,627         14,690         14,636       
           salidas                                 1              2              0              2              1              1       
  9  MANOLO MÁRQUEZ             304,007        50             51             50             52             50             51              11.8789       3      10º          O
           rápida                             11,839         11,782         11,630         11,617         11,593         11,692       
           media                              12,038         11,966         11,811         11,752         11,849         11,848       
           lenta                              14,796         12,409         12,185         11,974         15,180         12,198       
           salidas                                 1              0              0              0              2              0       
  10 CARLOS REPISO              301,075        50             50             51             50             50             50              11.9750       2       9º          O
           rápida                             11,980         11,754         11,681         11,771         11,831         11,811       
           media                              12,124         11,976         11,825         11,902         12,001         12,035       
           lenta                              14,570         13,670         11,982         12,084         15,158         13,932       
           salidas                                 1              1              0              0              1              1       
  11 ALBERT TRAFACH             301,067        51             50             50             50             50             50              11.9777       1       NO           
           rápida                             11,822         11,810         11,804         11,847         11,822         11,845       
           media                              11,958         11,922         12,032         11,947         11,985         11,991       
           lenta                              12,348         12,120         14,877         12,306         14,151         12,361       
           salidas                                 0              0              2              0              1              0       
  12 LUCAS NEVADO               299,067        49             50             50             50             49             51              12.0581       5       5º          O
           rápida                             11,876         11,768         11,569         11,902         11,875         11,673       
           media                              12,171         12,055         12,020         12,189         12,129         11,820       
           lenta                              15,973         16,198         15,802         17,259         16,035         12,225       
           salidas                                 2              2              4              2              1              0       
  13 GABRIEL RODRÍGUEZ          298,009        49             49             50             50             50             50              12.1182       4      11º          O
           rápida                             12,098         11,946         11,889         11,891         11,822         11,857       
           media                              12,426         12,132         12,099         12,041         12,016         12,016       
           lenta                              14,800         15,198         14,684         12,418         12,504         13,894       
           salidas                                 3              1              1              0              0              1       
  14 ISRAEL NEVADO              296,059        48             49             51             50             49             49              12.1834       5      12º          O
           rápida                             12,188         12,024         11,784         11,835         11,939         12,016       
           media                              12,497         12,190         11,976         11,998         12,095         12,290       
           lenta                              16,372         15,672         13,778         12,288         12,352         15,457       
           salidas                                 2              1              1              0              0              2       
  15 ALBERTO BOLSA              292,094        48             49             49             49             49             48              12.3388       5      18º          O
           rápida                             12,296         12,027         12,013         12,096         12,022         12,062       
           media                              12,505         12,250         12,263         12,323         12,218         12,519       
           lenta                              13,265         16,148         15,325         13,590         14,529         14,879       
           salidas                                 0              1              1              0              1              6       
  16 VÍCTOR GONZÁLEZ            291,022        47             50             48             49             49             48              12.4062       6      13º          O
           rápida                             12,182         11,972         11,984         11,824         11,982         12,021       
           media                              12,779         12,226         12,399         12,410         12,267         12,341       
           lenta                              17,370         16,300         15,121         14,940         15,189         15,336       
           salidas                                 6              2              3              7              2              3       
  17 JORDI PÉREZ                289,120        47             49             48             49             48             48              12.4583       6      19º          O
           rápida                             12,363         12,089         12,062         12,140         12,167         12,217       
           media                              12,625         12,319         12,411         12,471         12,330         12,581       
           lenta                              16,416         14,889         15,756         14,931         14,225         16,844       
           salidas                                 2              1              3              2              1              1       
  18 EDUARD TURÓ                288,033        47             49             48             47             49             48              12.5321       1      14º          O
           rápida                             12,512         12,227         12,223         12,301         12,172         12,246       
           media                              12,854         12,383         12,450         12,657         12,331         12,527       
           lenta                              14,886         12,609         12,905         15,901         12,633         14,389       
           salidas                                 1              0              0              2              0              1       
  19 QUINTI CALVO               279,104        45             46             47             47             47             47              12.9122       2      15º          O
           rápida                             12,736         12,484         12,487         12,506         12,419         12,567       
           media                              13,289         12,822         12,794         12,827         12,732         13,037       
           lenta                              17,109         15,108         15,337         14,568         16,962         15,753       
           salidas                                 4              2              1              1              2              3       
  20 PEDRO MIER                 279,064        43             46             48             46             49             47              12.9266       4      17º          O
           rápida                             12,759         12,385         12,119         12,340         12,069         12,267       
           media                              13,718         13,114         12,615         12,917         12,404         12,826       
           lenta                              16,954         17,890         15,596         15,884         14,957         17,913       
           salidas                                10              5              3              5              3              5       
